XE: 48.485545
YE: 72.347319
distance: 17.617492
